{
 "cells": [
  {
   "cell_type": "code",
   "execution_count": 32,
   "id": "1bb143dd",
   "metadata": {},
   "outputs": [
    {
     "name": "stdout",
     "output_type": "stream",
     "text": [
      "Enter the lower limit of x integral:1\n",
      "Enter the upper limit of x integral:2\n",
      "Enter the lower limit of y integral:1\n",
      "Enter the upper limit of y integral:2\n",
      "Enter the lower limit of z integral:1\n",
      "Enter the upper limit of z integral:2\n",
      "Enter the interval:6\n",
      "[[[0. 0. 0. 0. 0. 0. 0.]\n",
      "  [0. 0. 0. 0. 0. 0. 0.]\n",
      "  [0. 0. 0. 0. 0. 0. 0.]\n",
      "  [0. 0. 0. 0. 0. 0. 0.]\n",
      "  [0. 0. 0. 0. 0. 0. 0.]\n",
      "  [0. 0. 0. 0. 0. 0. 0.]\n",
      "  [0. 0. 0. 0. 0. 0. 0.]]\n",
      "\n",
      " [[0. 0. 0. 0. 0. 0. 0.]\n",
      "  [0. 0. 0. 0. 0. 0. 0.]\n",
      "  [0. 0. 0. 0. 0. 0. 0.]\n",
      "  [0. 0. 0. 0. 0. 0. 0.]\n",
      "  [0. 0. 0. 0. 0. 0. 0.]\n",
      "  [0. 0. 0. 0. 0. 0. 0.]\n",
      "  [0. 0. 0. 0. 0. 0. 0.]]\n",
      "\n",
      " [[0. 0. 0. 0. 0. 0. 0.]\n",
      "  [0. 0. 0. 0. 0. 0. 0.]\n",
      "  [0. 0. 0. 0. 0. 0. 0.]\n",
      "  [0. 0. 0. 0. 0. 0. 0.]\n",
      "  [0. 0. 0. 0. 0. 0. 0.]\n",
      "  [0. 0. 0. 0. 0. 0. 0.]\n",
      "  [0. 0. 0. 0. 0. 0. 0.]]\n",
      "\n",
      " [[0. 0. 0. 0. 0. 0. 0.]\n",
      "  [0. 0. 0. 0. 0. 0. 0.]\n",
      "  [0. 0. 0. 0. 0. 0. 0.]\n",
      "  [0. 0. 0. 0. 0. 0. 0.]\n",
      "  [0. 0. 0. 0. 0. 0. 0.]\n",
      "  [0. 0. 0. 0. 0. 0. 0.]\n",
      "  [0. 0. 0. 0. 0. 0. 0.]]\n",
      "\n",
      " [[0. 0. 0. 0. 0. 0. 0.]\n",
      "  [0. 0. 0. 0. 0. 0. 0.]\n",
      "  [0. 0. 0. 0. 0. 0. 0.]\n",
      "  [0. 0. 0. 0. 0. 0. 0.]\n",
      "  [0. 0. 0. 0. 0. 0. 0.]\n",
      "  [0. 0. 0. 0. 0. 0. 0.]\n",
      "  [0. 0. 0. 0. 0. 0. 0.]]\n",
      "\n",
      " [[0. 0. 0. 0. 0. 0. 0.]\n",
      "  [0. 0. 0. 0. 0. 0. 0.]\n",
      "  [0. 0. 0. 0. 0. 0. 0.]\n",
      "  [0. 0. 0. 0. 0. 0. 0.]\n",
      "  [0. 0. 0. 0. 0. 0. 0.]\n",
      "  [0. 0. 0. 0. 0. 0. 0.]\n",
      "  [0. 0. 0. 0. 0. 0. 0.]]\n",
      "\n",
      " [[0. 0. 0. 0. 0. 0. 0.]\n",
      "  [0. 0. 0. 0. 0. 0. 0.]\n",
      "  [0. 0. 0. 0. 0. 0. 0.]\n",
      "  [0. 0. 0. 0. 0. 0. 0.]\n",
      "  [0. 0. 0. 0. 0. 0. 0.]\n",
      "  [0. 0. 0. 0. 0. 0. 0.]\n",
      "  [0. 0. 0. 0. 0. 0. 0.]]]\n",
      "[[[1.         1.16666667 1.33333333 1.5        1.66666667 1.83333333\n",
      "   2.        ]\n",
      "  [1.16666667 1.36111111 1.55555556 1.75       1.94444444 2.13888889\n",
      "   2.33333333]\n",
      "  [1.33333333 1.55555556 1.77777778 2.         2.22222222 2.44444444\n",
      "   2.66666667]\n",
      "  [1.5        1.75       2.         2.25       2.5        2.75\n",
      "   3.        ]\n",
      "  [1.66666667 1.94444444 2.22222222 2.5        2.77777778 3.05555556\n",
      "   3.33333333]\n",
      "  [1.83333333 2.13888889 2.44444444 2.75       3.05555556 3.36111111\n",
      "   3.66666667]\n",
      "  [2.         2.33333333 2.66666667 3.         3.33333333 3.66666667\n",
      "   4.        ]]\n",
      "\n",
      " [[1.16666667 1.36111111 1.55555556 1.75       1.94444444 2.13888889\n",
      "   2.33333333]\n",
      "  [1.36111111 1.58796296 1.81481481 2.04166667 2.26851852 2.49537037\n",
      "   2.72222222]\n",
      "  [1.55555556 1.81481481 2.07407407 2.33333333 2.59259259 2.85185185\n",
      "   3.11111111]\n",
      "  [1.75       2.04166667 2.33333333 2.625      2.91666667 3.20833333\n",
      "   3.5       ]\n",
      "  [1.94444444 2.26851852 2.59259259 2.91666667 3.24074074 3.56481481\n",
      "   3.88888889]\n",
      "  [2.13888889 2.49537037 2.85185185 3.20833333 3.56481481 3.9212963\n",
      "   4.27777778]\n",
      "  [2.33333333 2.72222222 3.11111111 3.5        3.88888889 4.27777778\n",
      "   4.66666667]]\n",
      "\n",
      " [[1.33333333 1.55555556 1.77777778 2.         2.22222222 2.44444444\n",
      "   2.66666667]\n",
      "  [1.55555556 1.81481481 2.07407407 2.33333333 2.59259259 2.85185185\n",
      "   3.11111111]\n",
      "  [1.77777778 2.07407407 2.37037037 2.66666667 2.96296296 3.25925926\n",
      "   3.55555556]\n",
      "  [2.         2.33333333 2.66666667 3.         3.33333333 3.66666667\n",
      "   4.        ]\n",
      "  [2.22222222 2.59259259 2.96296296 3.33333333 3.7037037  4.07407407\n",
      "   4.44444444]\n",
      "  [2.44444444 2.85185185 3.25925926 3.66666667 4.07407407 4.48148148\n",
      "   4.88888889]\n",
      "  [2.66666667 3.11111111 3.55555556 4.         4.44444444 4.88888889\n",
      "   5.33333333]]\n",
      "\n",
      " [[1.5        1.75       2.         2.25       2.5        2.75\n",
      "   3.        ]\n",
      "  [1.75       2.04166667 2.33333333 2.625      2.91666667 3.20833333\n",
      "   3.5       ]\n",
      "  [2.         2.33333333 2.66666667 3.         3.33333333 3.66666667\n",
      "   4.        ]\n",
      "  [2.25       2.625      3.         3.375      3.75       4.125\n",
      "   4.5       ]\n",
      "  [2.5        2.91666667 3.33333333 3.75       4.16666667 4.58333333\n",
      "   5.        ]\n",
      "  [2.75       3.20833333 3.66666667 4.125      4.58333333 5.04166667\n",
      "   5.5       ]\n",
      "  [3.         3.5        4.         4.5        5.         5.5\n",
      "   6.        ]]\n",
      "\n",
      " [[1.66666667 1.94444444 2.22222222 2.5        2.77777778 3.05555556\n",
      "   3.33333333]\n",
      "  [1.94444444 2.26851852 2.59259259 2.91666667 3.24074074 3.56481481\n",
      "   3.88888889]\n",
      "  [2.22222222 2.59259259 2.96296296 3.33333333 3.7037037  4.07407407\n",
      "   4.44444444]\n",
      "  [2.5        2.91666667 3.33333333 3.75       4.16666667 4.58333333\n",
      "   5.        ]\n",
      "  [2.77777778 3.24074074 3.7037037  4.16666667 4.62962963 5.09259259\n",
      "   5.55555556]\n",
      "  [3.05555556 3.56481481 4.07407407 4.58333333 5.09259259 5.60185185\n",
      "   6.11111111]\n",
      "  [3.33333333 3.88888889 4.44444444 5.         5.55555556 6.11111111\n",
      "   6.66666667]]\n",
      "\n",
      " [[1.83333333 2.13888889 2.44444444 2.75       3.05555556 3.36111111\n",
      "   3.66666667]\n",
      "  [2.13888889 2.49537037 2.85185185 3.20833333 3.56481481 3.9212963\n",
      "   4.27777778]\n",
      "  [2.44444444 2.85185185 3.25925926 3.66666667 4.07407407 4.48148148\n",
      "   4.88888889]\n",
      "  [2.75       3.20833333 3.66666667 4.125      4.58333333 5.04166667\n",
      "   5.5       ]\n",
      "  [3.05555556 3.56481481 4.07407407 4.58333333 5.09259259 5.60185185\n",
      "   6.11111111]\n",
      "  [3.36111111 3.9212963  4.48148148 5.04166667 5.60185185 6.16203704\n",
      "   6.72222222]\n",
      "  [3.66666667 4.27777778 4.88888889 5.5        6.11111111 6.72222222\n",
      "   7.33333333]]\n",
      "\n",
      " [[2.         2.33333333 2.66666667 3.         3.33333333 3.66666667\n",
      "   4.        ]\n",
      "  [2.33333333 2.72222222 3.11111111 3.5        3.88888889 4.27777778\n",
      "   4.66666667]\n",
      "  [2.66666667 3.11111111 3.55555556 4.         4.44444444 4.88888889\n",
      "   5.33333333]\n",
      "  [3.         3.5        4.         4.5        5.         5.5\n",
      "   6.        ]\n",
      "  [3.33333333 3.88888889 4.44444444 5.         5.55555556 6.11111111\n",
      "   6.66666667]\n",
      "  [3.66666667 4.27777778 4.88888889 5.5        6.11111111 6.72222222\n",
      "   7.33333333]\n",
      "  [4.         4.66666667 5.33333333 6.         6.66666667 7.33333333\n",
      "   8.        ]]]\n"
     ]
    }
   ],
   "source": [
    "import numpy as np\n",
    "import math\n",
    "\n",
    "# inserting the limiting value and interval\n",
    "\n",
    "l_x = float(input(\"Enter the lower limit of x integral:\"))\n",
    "u_x = float(input(\"Enter the upper limit of x integral:\"))\n",
    "l_y = float(input(\"Enter the lower limit of y integral:\"))\n",
    "u_y = float(input(\"Enter the upper limit of y integral:\"))\n",
    "l_z = float(input(\"Enter the lower limit of z integral:\"))\n",
    "u_z = float(input(\"Enter the upper limit of z integral:\"))\n",
    "\n",
    "N = int(input(\"Enter the interval:\"))\n",
    "\n",
    "h1 = (u_x-l_x)/N\n",
    "h2 = (u_y-l_y)/N\n",
    "h3 = (u_z-l_z)/N\n",
    "\n",
    "# defining function to be ingrated \n",
    "def f(x,y,z):\n",
    "    return x*y*z     #2*x*y+2*x-x**2-2*y**2+72 ##np.exp(x+y)\n",
    "\n",
    "\n",
    "#  converting the function in the matrix form\n",
    "f_xy = np.zeros(((N+1,N+1,N+1)))\n",
    "print(f_xy)\n",
    "\n",
    "\n",
    "for i in range(0,N+1):\n",
    "    for j in range(0,N+1):\n",
    "        for k in range(0,N+1):\n",
    "            f_xy[i,j,k] = f((l_x+(h1*(i))),(l_y+(h2*(j))),(l_z+(h3*(k))))\n",
    "print(f_xy)"
   ]
  },
  {
   "cell_type": "markdown",
   "id": "59758adb",
   "metadata": {},
   "source": [
    "### Triple integration with simpson 3/8"
   ]
  },
  {
   "cell_type": "code",
   "execution_count": 40,
   "id": "8bdb32da",
   "metadata": {},
   "outputs": [
    {
     "name": "stdout",
     "output_type": "stream",
     "text": [
      "The result of the triple integration is:\n",
      " 3.375\n"
     ]
    }
   ],
   "source": [
    "def triple_integration(z):\n",
    "    \n",
    "    # working with the z integral\n",
    "    xy = np.zeros((N+1,N+1))\n",
    "    for i in range(0,N+1):\n",
    "        for j in range(0,N+1):\n",
    "            for k in range(0,N+1):\n",
    "                if k==0 or k==N:\n",
    "                    xy[i,j] = xy[i,j] + z[i,j,k]\n",
    "                elif k%3==0 and k!=(0 or N):\n",
    "                    xy[i,j] = xy[i,j] + (2*z[i,j,k])\n",
    "                else:\n",
    "                    xy[i,j] = xy[i,j] + (3*z[i,j,k])\n",
    "                    \n",
    "                \n",
    "                # working with the y integral\n",
    "                x = np.zeros(N+1)\n",
    "                for m in range(0,N+1):\n",
    "                    for n in range(0,N+1):\n",
    "                        if n==0 or n==N:\n",
    "                            x[m] = x[m] + xy[m,n]\n",
    "                        elif n%3==0 and n!=(0 or N):\n",
    "                            x[m] = x[m] + (2*xy[m,n])\n",
    "                        else:\n",
    "                            x[m] = x[m] + (3*xy[m,n])\n",
    "                            \n",
    "                        \n",
    "                        # working with the x integral\n",
    "                        integration = 0  \n",
    "                        for l in range(0,N+1):\n",
    "                            if l==0 or l==N:\n",
    "                                integration = integration + x[l]\n",
    "                            elif l%3==0 and l!=(0 or N):\n",
    "                                integration = integration + (2*x[l])\n",
    "                            else:\n",
    "                                integration = integration + (3*x[l])\n",
    "                                \n",
    "    integration = integration*(((3*h1)/8)*((3*h2)/8)*((3*h3)/8))\n",
    "\n",
    "    return integration\n",
    "result = triple_integration(f_xy)\n",
    "print(\"The result of the triple integration is:\\n\",result)"
   ]
  },
  {
   "cell_type": "markdown",
   "id": "8b6d6982",
   "metadata": {},
   "source": [
    "### Triple integration with combination of trapezoidal, simpson 1/3 and simpson 3/8"
   ]
  },
  {
   "cell_type": "code",
   "execution_count": 39,
   "id": "3b451107",
   "metadata": {},
   "outputs": [
    {
     "name": "stdout",
     "output_type": "stream",
     "text": [
      "The result of the tripple integration is:\n",
      " 3.375\n"
     ]
    }
   ],
   "source": [
    "def triple_integration(z):\n",
    "    \n",
    "    # working with the z integral using trapezoidal method\n",
    "    xy = np.zeros((N+1,N+1))\n",
    "    for i in range(0,N+1):\n",
    "        for j in range(0,N+1):\n",
    "            for k in range(0,N+1):\n",
    "                if k==0 or k==N:\n",
    "                    xy[i,j] = xy[i,j] + z[i,j,k]/2\n",
    "                else:\n",
    "                    xy[i,j] = xy[i,j] + z[i,j,k]\n",
    "                    \n",
    "                # working with the z integral using simpson 1/3 method  \n",
    "                x = np.zeros(N+1)\n",
    "                for m in range(0,N+1):\n",
    "                    for n in range(0,N+1):\n",
    "                        if n==0 or n==N:\n",
    "                            x[m] = x[m] + xy[m,n]\n",
    "                        elif n%2==0 and n!=(0 or N):\n",
    "                            x[m] = x[m] + (2*xy[m,n])\n",
    "                        else:\n",
    "                            x[m] = x[m] + (4*xy[m,n])\n",
    "                        \n",
    "                        # working with the z integral using simpson 3/8 method\n",
    "                        integration = 0\n",
    "                        for l in range(0,N+1):\n",
    "                            if l==0 or l==N:\n",
    "                                integration = integration + x[l]\n",
    "                            elif l%3==0 and l!=(0 or N):\n",
    "                                integration = integration + (2*x[l])\n",
    "                            else:\n",
    "                                integration = integration + (3*x[l])\n",
    "                                \n",
    "    integration = integration*(((3*h1)/8)*(h2/3)*h3)\n",
    "\n",
    "    return integration\n",
    "result = triple_integration(f_xy)\n",
    "print(\"The result of the tripple integration is:\\n\",result)"
   ]
  },
  {
   "cell_type": "code",
   "execution_count": null,
   "id": "5cacecbc",
   "metadata": {},
   "outputs": [],
   "source": []
  }
 ],
 "metadata": {
  "kernelspec": {
   "display_name": "Python 3 (ipykernel)",
   "language": "python",
   "name": "python3"
  },
  "language_info": {
   "codemirror_mode": {
    "name": "ipython",
    "version": 3
   },
   "file_extension": ".py",
   "mimetype": "text/x-python",
   "name": "python",
   "nbconvert_exporter": "python",
   "pygments_lexer": "ipython3",
   "version": "3.9.11"
  }
 },
 "nbformat": 4,
 "nbformat_minor": 5
}
